* EIRENE input file generated with uinp v. 2.2                          
* Created with SOLPS-ITER Uinp version 3.0.7-42-ga62ecef-dirty          
*** 1. Data for operating mode                                          
    -1     1    50 30406     1     1     0     1     0
    -1     1     0     1     1     9     1     0     1
TFFTF FFFFF TFFTF F
CFILE AMJUEL Database/AMdata/amjuel.tex           
CFILE HYDHEL Database/AMdata/hydhel.tex           
CFILE SPUTER Database/Surfacedata/SPUTER          
CFILE TRIM   Database/Surfacedata/TRIM/trim.dat   
CFILE AMMONX Database/AMdata/AMMONX_Arrh-elast.tex
*** 2. Data for standard mesh                                           
     6     1     1
T
FFFFT FFF
    39     1   192     6     0
 0.00000E+00 0.00000E+00 0.00000E+00
T
FFF
   192     0     0     0
 0.00000E+00 1.00000E+00 0.00000E+00 0.00000E+00
F
FTF
     0     0    60     0
 0.00000E+00 0.00000E+00 3.60000E+02 0.00000E+00 1.00000E-05
F
** 2e. Data for additional cells outside standard mesh                  
T
     4
 1.00000E+00 1.00000E+00 1.00000E+00 1.00000E+00
*** 3a. Data for non-default standard surfaces                          
    12
*   1 : Core side    1                                                  
     1     1     1    14    44     0     0     0     0
     2     2     0     0     0     6     0     0     0     0
*   2 : Core side    2                                                  
     2     1     1   111   141     0     0     0     0
     2     2     0     0     0     6     0     0     0     0
*   3 : Target       1                                                  
     3     2     1     1    39     0     0     0     0
     1     2     0     0     0     6     0     0     0     0
SURFMOD_1_TUNGSTEN_300K                                                 
*   4 : Target       2                                                  
     4     2    57     1    39     0     0     0     0
     1     2     0     0     0     6     0     0     0     0
SURFMOD_1_TUNGSTEN_300K                                                 
*   5 : Target       3                                                  
     5     2    60     1    39     0     0     0     0
     1     2     0     0     0     6     0     0     0     0
SURFMOD_1_TUNGSTEN_300K                                                 
*   6 : Target       4                                                  
     6     2   192     1    39     0     0     0     0
     1     2     0     0     0     6     0     0     0     0
SURFMOD_1_TUNGSTEN_300K                                                 
*   7 : PFR side     1                                                  
     7     1     1     1    13     0     0     0     0
    -3     0     0     0     0     6     0     0     0    -4
*   8 : PFR side     2                                                  
     8     1     1    45    57     0     0     0     0
    -3     0     0     0     0     6     0     0     0    -2
*   9 : PFR side     3                                                  
     9     1     1    60   110     0     0     0     0
    -3     0     0     0     0     6     0     0     0    -2
*  10 : PFR side     4                                                  
    10     1     1   142   192     0     0     0     0
    -3     0     0     0     0     6     0     0     0    -4
*  11 : Outer side   1                                                  
    11     1    39     1    57     0     0     0     0
    -3     0     0     0     0     6     0     0     0    -1
*  12 : Outer side   2                                                  
    12     1    39    60   192     0     0     0     0
    -3     0     0     0     0     6     0     0     0    -3
*** 3b. Data for additional surfaces                                    
    38
*   1 :   1                                                                 
 2.00000E+00 1.00000E+00 1.00000E+00 1.00000E-05
     1     1     0     0     0     1     0     0     0    -3
 2.00000E+02-1.56000E+02-1.00000E+20 2.00000E+02-1.00700E+02 1.00000E+20
SURFMOD_2_TUNGSTEN_1160K                                                
*   2 :   2                                                                 
 2.00000E+00 1.00000E+00 1.00000E+00 1.00000E-05
     1     1     0     0     0     1     0     0     0    -3
 2.00000E+02 1.00700E+02-1.00000E+20 2.00000E+02 1.56000E+02 1.00000E+20
SURFMOD_2_TUNGSTEN_1160K                                                
*   3 :   5                                                                 
 2.00000E+00 1.00000E+00 1.00000E+00 1.00000E-05
     1     1     0     0     0     1     0     0     0    -3
 2.00000E+02 2.16900E+02-1.00000E+20 1.31900E+02 2.16900E+02 1.00000E+20
SURFMOD_2_TUNGSTEN_1160K                                                
*   4 :   6                                                                 
 2.00000E+00 1.00000E+00 1.00000E+00 1.00000E-05
     1     1     0     0     0     1     0     0     0    -3
 2.00000E+02 1.56000E+02-1.00000E+20 2.00000E+02 2.16900E+02 1.00000E+20
SURFMOD_3_TUNGSTEN_PUMP_1160K                                           
*   5 :   7                                                                 
 2.00000E+00 1.00000E+00 1.00000E+00 1.00000E-05
     1     1     0     0     0     1     0     0     0    -3
 1.76900E+02 1.71900E+02-1.00000E+20 1.73000E+02 1.68000E+02 1.00000E+20
SURFMOD_2_TUNGSTEN_1160K                                                
*   6 :   8                                                                 
 2.00000E+00 1.00000E+00 1.00000E+00 1.00000E-05
     1     1     0     0     0     1     0     0     0    -3
 1.31900E+02 2.16900E+02-1.00000E+20 1.76900E+02 1.71900E+02 1.00000E+20
SURFMOD_2_TUNGSTEN_1160K                                                
*   7 :   9  - target edge (to be modified by GEOUSR)                       
 2.00000E+00 1.00000E+00 1.00000E+00 1.00000E-05
     1     1     0     0     0     1     0     0     0    -4
 1.09000E+02-2.06000E+02-1.00000E+20 1.35000E+02-2.06000E+02 1.00000E+20
SURFMOD_2_TUNGSTEN_1160K                                                
*   8 :  10  - target edge (to be modified by GEOUSR)                       
 2.00000E+00 1.00000E+00 1.00000E+00 1.00000E-05
     1     1     0     0     0     1     0     0     0    -3
 1.35000E+02-2.06000E+02-1.00000E+20 1.69546E+02-1.71455E+02 1.00000E+20
SURFMOD_2_TUNGSTEN_1160K                                                
*   9 :  11  - target edge (to be modified by GEOUSR)                       
 2.00000E+00 1.00000E+00 1.00000E+00 1.00000E-05
     1     1     0     0     0     1     0     0     0    -1
 3.33000E+01-1.14060E+02-1.00000E+20 3.33000E+01-1.30300E+02 1.00000E+20
SURFMOD_2_TUNGSTEN_1160K                                                
*  10 :  12  - target edge (to be modified by GEOUSR)                       
 2.00000E+00 1.00000E+00 1.00000E+00 1.00000E-05
     1     1     0     0     0     1     0     0     0    -4
 3.33000E+01-1.30300E+02-1.00000E+20 3.93750E+01-1.36375E+02 1.00000E+20
SURFMOD_2_TUNGSTEN_1160K                                                
*  11 :  13                                                                 
 2.00000E+00 1.00000E+00 1.00000E+00 1.00000E-05
     1     1     0     0     0     1     0     0     0    -1
 3.33000E+01 1.14060E+02-1.00000E+20 3.27462E+01 1.05385E+02 1.00000E+20
SURFMOD_2_TUNGSTEN_1160K                                                
*  12 :  14                                                                 
 2.00000E+00 1.00000E+00 1.00000E+00 1.00000E-05
     1     1     0     0     0     1     0     0     0    -1
 3.27462E+01 1.05385E+02-1.00000E+20 2.61000E+01 5.00000E+01 1.00000E+20
SURFMOD_2_TUNGSTEN_1160K                                                
*  13 :  15  - target edge (to be modified by GEOUSR)                       
 2.00000E+00 1.00000E+00 1.00000E+00 1.00000E-05
     1     1     0     0     0     1     0     0     0    -2
 3.93750E+01 1.36375E+02-1.00000E+20 3.33000E+01 1.30300E+02 1.00000E+20
SURFMOD_2_TUNGSTEN_1160K                                                
*  14 :  16                                                                 
 2.00000E+00 1.00000E+00 1.00000E+00 1.00000E-05
     1     1     0     0     0     1     0     0     0    -1
 2.61000E+01 5.00000E+01-1.00000E+20 2.61000E+01-5.00000E+01 1.00000E+20
SURFMOD_2_TUNGSTEN_1160K                                                
*  15 :  17                                                                 
 2.00000E+00 1.00000E+00 1.00000E+00 1.00000E-05
     1     1     0     0     0     1     0     0     0    -1
 2.61000E+01-5.00000E+01-1.00000E+20 3.33000E+01-1.10000E+02 1.00000E+20
SURFMOD_2_TUNGSTEN_1160K                                                
*  16 :  18  - target edge (to be modified by GEOUSR)                       
 2.00000E+00 1.00000E+00 1.00000E+00 1.00000E-05
     1     1     0     0     0     1     0     0     0    -1
 3.33000E+01 1.30300E+02-1.00000E+20 3.33000E+01 1.14060E+02 1.00000E+20
SURFMOD_2_TUNGSTEN_1160K                                                
*  17 :  19  - target edge (to be modified by GEOUSR)                       
 2.00000E+00 1.00000E+00 1.00000E+00 1.00000E-05
     1     1     0     0     0     1     0     0     0    -3
 1.69546E+02 1.71455E+02-1.00000E+20 1.35000E+02 2.06000E+02 1.00000E+20
SURFMOD_2_TUNGSTEN_1160K                                                
*  18 :  20  - target edge (to be modified by GEOUSR)                       
 2.00000E+00 1.00000E+00 1.00000E+00 1.00000E-05
     1     1     0     0     0     1     0     0     0    -2
 1.35000E+02 2.06000E+02-1.00000E+20 1.09000E+02 2.06000E+02 1.00000E+20
SURFMOD_2_TUNGSTEN_1160K                                                
*  19 :  21                                                                 
 2.00000E+00 1.00000E+00 1.00000E+00 1.00000E-05
     1     1     0     0     0     1     0     0     0    -4
 7.00000E+01-2.06000E+02-1.00000E+20 1.00000E+02-2.06000E+02 1.00000E+20
SURFMOD_2_TUNGSTEN_1160K                                                
*  20 :  22                                                                 
 2.00000E+00 1.00000E+00 1.00000E+00 1.00000E-05
     1     1     0     0     0     1     0     0     0    -4
 1.00000E+02-2.06000E+02-1.00000E+20 1.09000E+02-2.06000E+02 1.00000E+20
SURFMOD_2_TUNGSTEN_1160K                                                
*  21 :  24                                                                 
 2.00000E+00 1.00000E+00 1.00000E+00 1.00000E-05
     1     1     0     0     0     1     0     0     0    -4
 3.93750E+01-1.36375E+02-1.00000E+20 4.01359E+01-1.42640E+02 1.00000E+20
SURFMOD_2_TUNGSTEN_1160K                                                
*  22 :  28                                                                 
 2.00000E+00 1.00000E+00 1.00000E+00 1.00000E-05
     1     1     0     0     0     1     0     0     0    -4
 4.01359E+01-1.42640E+02-1.00000E+20 4.81322E+01-1.61044E+02 1.00000E+20
SURFMOD_2_TUNGSTEN_1160K                                                
*  23 :  29                                                                 
 2.00000E+00 1.00000E+00 1.00000E+00 1.00000E-05
     1     1     0     0     0     1     0     0     0    -4
 4.81322E+01-1.61044E+02-1.00000E+20 5.92994E+01-1.86317E+02 1.00000E+20
SURFMOD_2_TUNGSTEN_1160K                                                
*  24 :  31                                                                 
 2.00000E+00 1.00000E+00 1.00000E+00 1.00000E-05
     1     1     0     0     0     1     0     0     0    -2
 1.09000E+02 2.06000E+02-1.00000E+20 1.00000E+02 2.06000E+02 1.00000E+20
SURFMOD_2_TUNGSTEN_1160K                                                
*  25 :  32                                                                 
 2.00000E+00 1.00000E+00 1.00000E+00 1.00000E-05
     1     1     0     0     0     1     0     0     0    -2
 1.00000E+02 2.06000E+02-1.00000E+20 7.00000E+01 2.06000E+02 1.00000E+20
SURFMOD_2_TUNGSTEN_1160K                                                
*  26 :  33                                                                 
 2.00000E+00 1.00000E+00 1.00000E+00 1.00000E-05
     1     1     0     0     0     1     0     0     0    -2
 7.00000E+01 2.06000E+02-1.00000E+20 5.92994E+01 1.86317E+02 1.00000E+20
SURFMOD_2_TUNGSTEN_1160K                                                
*  27 :  34                                                                 
 2.00000E+00 1.00000E+00 1.00000E+00 1.00000E-05
     1     1     0     0     0     1     0     0     0    -2
 5.92994E+01 1.86317E+02-1.00000E+20 4.81322E+01 1.61043E+02 1.00000E+20
SURFMOD_2_TUNGSTEN_1160K                                                
*  28 :  35                                                                 
 2.00000E+00 1.00000E+00 1.00000E+00 1.00000E-05
     1     1     0     0     0     1     0     0     0    -2
 4.81322E+01 1.61043E+02-1.00000E+20 4.01359E+01 1.42640E+02 1.00000E+20
SURFMOD_2_TUNGSTEN_1160K                                                
*  29 :  36                                                                 
 2.00000E+00 1.00000E+00 1.00000E+00 1.00000E-05
     1     1     0     0     0     1     0     0     0    -2
 4.01359E+01 1.42640E+02-1.00000E+20 3.93750E+01 1.36375E+02 1.00000E+20
SURFMOD_2_TUNGSTEN_1160K                                                
*  30 :  37                                                                 
 2.00000E+00 1.00000E+00 1.00000E+00 1.00000E-05
     1     1     0     0     0     1     0     0     0    -3
 2.00000E+02-1.00700E+02-1.00000E+20 2.00000E+02 1.00700E+02 1.00000E+20
SURFMOD_2_TUNGSTEN_1160K                                                
*  31 :  42                                                                 
 2.00000E+00 1.00000E+00 1.00000E+00 1.00000E-05
     1     1     0     0     0     1     0     0     0    -4
 5.92994E+01-1.86317E+02-1.00000E+20 7.00000E+01-2.06000E+02 1.00000E+20
SURFMOD_2_TUNGSTEN_1160K                                                
*  32 :  44                                                                 
 2.00000E+00 1.00000E+00 1.00000E+00 1.00000E-05
     1     1     0     0     0     1     0     0     0    -3
 1.73000E+02-1.68000E+02-1.00000E+20 1.76900E+02-1.71900E+02 1.00000E+20
SURFMOD_2_TUNGSTEN_1160K                                                
*  33 :  45                                                                 
 2.00000E+00 1.00000E+00 1.00000E+00 1.00000E-05
     1     1     0     0     0     1     0     0     0    -3
 1.31900E+02-2.16900E+02-1.00000E+20 2.00000E+02-2.16900E+02 1.00000E+20
SURFMOD_2_TUNGSTEN_1160K                                                
*  34 :  46                                                                 
 2.00000E+00 1.00000E+00 1.00000E+00 1.00000E-05
     1     1     0     0     0     1     0     0     0    -3
 1.76900E+02-1.71900E+02-1.00000E+20 1.31900E+02-2.16900E+02 1.00000E+20
SURFMOD_2_TUNGSTEN_1160K                                                
*  35 :  48                                                                 
 2.00000E+00 1.00000E+00 1.00000E+00 1.00000E-05
     1     1     0     0     0     1     0     0     0    -3
 2.00000E+02-2.16900E+02-1.00000E+20 2.00000E+02-1.56000E+02 1.00000E+20
SURFMOD_3_TUNGSTEN_PUMP_1160K                                           
*  36 : 168                                                                 
 2.00000E+00 1.00000E+00 1.00000E+00 1.00000E-05
     1     1     0     0     0     1     0     0     0    -1
 3.33000E+01-1.10000E+02-1.00000E+20 3.33000E+01-1.14060E+02 1.00000E+20
SURFMOD_2_TUNGSTEN_1160K                                                
*  37 : 398                                                                 
 2.00000E+00 1.00000E+00 1.00000E+00 1.00000E-05
     1     1     0     0     0     1     0     0     0    -3
 1.69546E+02-1.71455E+02-1.00000E+20 1.73000E+02-1.68000E+02 1.00000E+20
SURFMOD_2_TUNGSTEN_1160K                                                
*  38 : 403                                                                 
 2.00000E+00 1.00000E+00 1.00000E+00 1.00000E-05
     1     1     0     0     0     1     0     0     0    -3
 1.73000E+02 1.68000E+02-1.00000E+20 1.69546E+02 1.71455E+02 1.00000E+20
SURFMOD_2_TUNGSTEN_1160K                                                
*** 4. Data for species and atomic physics module                       
**  Reactions                                                           
    18
  1 AMMONX H.2  R-H-H    EL   1  1 0.00000E+00 0.00000E+00 0.00000E+00 0.00000E+00 0.00000E+00
  2 AMMONX H.2  R-H-H2   EL   2  1 0.00000E+00 0.00000E+00 0.00000E+00 0.00000E+00 0.00000E+00
  3 AMJUEL H.4  2.1.5    EI   0  1 0.00000E+00 0.00000E+00 0.00000E+00 0.00000E+00 0.00000E+00
  4 AMJUEL H.10 2.1.5    EI   0  1 0.00000E+00 0.00000E+00 0.00000E+00 0.00000E+00 0.00000E+00
  5 HYDHEL H.1  3.1.8    CX   1  1 0.00000E+00 0.00000E+00 0.00000E+00 0.00000E+00 0.00000E+00
  5 HYDHEL H.3  3.1.8    CX   1  1 0.00000E+00 0.00000E+00 0.00000E+00 0.00000E+00 0.00000E+00
  6 AMMONX H.2  R-H2-H   EL   1  2 0.00000E+00 0.00000E+00 0.00000E+00 0.00000E+00 0.00000E+00
  7 AMMONX H.2  R-H2-H2  EL   2  2 0.00000E+00 0.00000E+00 0.00000E+00 0.00000E+00 0.00000E+00
  8 AMJUEL H.4  2.2.9    EI   0  2 0.00000E+00 0.00000E+00 0.00000E+00 0.00000E+00 0.00000E+00
  9 AMJUEL H.4  2.2.5g   DS   0  2 0.00000E+00 0.00000E+00 0.00000E+00 0.00000E+00 0.00000E+00
 10 AMJUEL H.4  2.2.10   DS   0  2 0.00000E+00 0.00000E+00 0.00000E+00 0.00000E+00 0.00000E+00
 11 AMJUEL H.0  0.3T     EL   1  2 0.00000E+00 0.00000E+00 0.00000E+00 0.00000E+00 0.00000E+00
 11 AMJUEL H.1  0.3T     EL   1  2 0.00000E+00 0.00000E+00 0.00000E+00 0.00000E+00 0.00000E+00
 11 AMJUEL H.3  0.3T     EL   1  2 0.00000E+00 0.00000E+00 0.00000E+00 0.00000E+00 0.00000E+00
 12 AMJUEL H.2  3.2.3    CX   1  2 0.00000E+00 0.00000E+00 0.00000E+00 0.00000E+00 0.00000E+00
 13 AMJUEL H.4  2.2.12   DS   0  2 0.00000E+00 0.00000E+00 0.00000E+00 0.00000E+00 0.00000E+00
 14 AMJUEL H.4  2.2.11   EI   0  2 0.00000E+00 0.00000E+00 0.00000E+00 0.00000E+00 0.00000E+00
 15 AMJUEL H.4  2.2.14   DS   0  2 0.00000E+00 0.00000E+00 0.00000E+00 0.00000E+00 0.00000E+00
 16 AMJUEL H.8  2.2.14   DS   0  2 0.00000E+00 0.00000E+00 0.00000E+00 0.00000E+00 0.00000E+00
 17 AMJUEL H.4  2.1.8    RC   0  1 0.00000E+00 0.00000E+00 0.00000E+00 0.00000E+00 0.00000E+00
 18 AMJUEL H.10 2.1.8    RC   0  1 1.36000E+01 0.00000E+00 0.00000E+00 0.00000E+00 0.00000E+00
** 4a. Neutral atom species                                             
     1
 1 D         2  1  1  0  1 -1  0  4  0  0  0
     1   214   111   214  1001     0   111
 0.00000E+00 0.00000E+00 0.00000E+00 0.00000E+00 1.00000E+00 0.00000E+00
     2   314   111   314  1001     0   112
 0.00000E+00 0.00000E+00 0.00000E+00 0.00000E+00 1.00000E+00 0.00000E+00
     3   115   114     0 30000     0     0
 4.00000E+00 0.00000E+00 0.00000E+00 0.00000E+00 1.00000E+00 0.00000E+00
     5   114   111   114  1001     0     0
 0.00000E+00 0.00000E+00 0.00000E+00 0.00000E+00 1.00000E+00 0.00000E+00
** 4b. Neutral molecule species                                         
     1
 1 D2        4  2  2  0  0  1  0  7  0  0  0  1
     6   414   112   414  1001     0   111
 0.00000E+00 0.00000E+00 0.00000E+00 0.00000E+00 1.00000E+00
     7   514   112   514  1001     0   112
 0.00000E+00 0.00000E+00 0.00000E+00 0.00000E+00 1.00000E+00
     8   115   113     0     0     0     0
-1.54000E+01 0.00000E+00 0.00000E+00 0.00000E+00 1.00000E+00
     9   115   121     0     0     0     0
-1.05000E+01 0.00000E+00 3.00000E+00 3.00000E+00 1.00000E+00
    10   115   111   114     0     0     0
-2.50000E+01 0.00000E+00 5.00000E+00 5.00000E+00 1.00000E+00
    11   114   114   112  1001     0     0
 0.00000E+00 0.00000E+00 0.00000E+00 0.00000E+00 1.00000E+00
    12   114   111   113  1001     0     0
 0.00000E+00 0.00000E+00 0.00000E+00 0.00000E+00 1.00000E+00
** 4c. Test ion species                                                 
     1
 1 D2+       4  2  2  1  0 -1  0  3 -1  0  0  1
    13   115   111   114     0     0     0
-1.04000E+01 0.00000E+00 4.30000E+00 4.30000E+00 1.00000E+00
    14   115   124     0     0     0     0
-1.55000E+01 0.00000E+00 2.50000E-01 2.50000E-01 1.00000E+00
    15   115   121     0 30300     0     0
 1.60000E+01 0.00000E+00 1.60000E+01 0.00000E+00 1.00000E+00
*** 5. Data for plasma background                                       
** 5a. Bulk ion species                                                 
     5
 1 D+        2  1  1  1  1 -1  0  1  0  0  0  0             0
    17   115   111     0 30000
 1.80000E+01 0.00000E+00 0.00000E+00 0.00000E+00 1.00000E+00
 2 D(B)      2  1  1  0  1 -1  0  0  0  0  0  0             0
 3 D2D(B)    2  1  1  0  1 -1  0  0  0  0  0  0             0
 4 DD2(B)    4  2  2  0  0  1  0  0  0  0  0  0             0
 5 D2(B)     4  2  2  0  0  1  0  0  0  0  0  0             0
** 5b. Plasma background data                                           
     6     6     6     6     6     6     0     0     0     0     0     0
 0.00000E+00 0.00000E+00 0.00000E+00 0.00000E+00 0.00000E+00 0.00000E+00
*** 6a. General data for reflection model                               
T
cpath modules/Eirene/Database/Surfacedata/TRIM/                   
D_on_W  
 1.00000E+00
 1.00000E+00
 1.00000E+00
 1.00000E+00 0.00000E+00 0.00000E+00 0.00000E+00 0.00000E+00
 1.00000E+00 5.00000E+01 1.00000E-01 0.00000E+00 0.00000E+00 0.00000E+00
SURFMOD_1_TUNGSTEN_300K                                                 
     1     0     0     0     1
 1.84740E+04-2.58500E-02 0.00000E+00 0.00000E+00 0.00000E+00-1.00000E+00
 1.00000E+00 1.00000E+00 1.00000E+00 1.00000E+00 5.00000E-01 1.00000E+00
 1.00000E+00 1.00000E+00 0.00000E+00 0.00000E+00 1.00000E+00
SURFMOD_2_TUNGSTEN_1160K                                                
     1     0     0     0     1
 1.84740E+04-1.00000E-01 0.00000E+00 0.00000E+00 0.00000E+00-1.00000E+00
 1.00000E+00 1.00000E+00 1.00000E+00 1.00000E+00 5.00000E-01 1.00000E+00
 1.00000E+00 1.00000E+00 0.00000E+00 0.00000E+00 1.00000E+00
SURFMOD_3_TUNGSTEN_PUMP_1160K                                           
     1     0     0     0     1
 1.84740E+04-1.00000E-01 0.00000E+00 0.00000E+00 0.00000E+00-1.00000E+00
 1.00000E+00 9.90000E-01 1.00000E+00 1.00000E+00 5.00000E-01 1.00000E+00
 1.00000E+00 1.00000E+00 0.00000E+00 0.00000E+00 1.00000E+00
*** 7. Data for primary sources, nstrai strata                          
    11
     6     6     6     6     6     6     6     6     6     6    -1
 5.00000E-01
*  11 : Volumetric recombination D                                      
FFFFF
  7000  4001     6     1     0
 1.00000E+00 0.00000E+00     0     0     0     0     0     0     0     0
FFFTF
     1
FFFTF
     1
    11     0     0     0     0     0     0     0     0
 1.00000E+00 1.40000E+02 1.00000E+00 0.00000E+00 0.00000E+00
     0     0     0     0     0     0     0
 0.00000E+00 0.00000E+00 0.00000E+00 0.00000E+00 0.00000E+00 0.00000E+00
 0.00000E+00 0.00000E+00 0.00000E+00 0.00000E+00 0.00000E+00
 0.00000E+00 0.00000E+00 0.00000E+00 0.00000E+00 0.00000E+00
*** 8. Additional data for specific zones                               
     0
*** 9. Data for statistic and non-analog model                          
FFFFF FFFFF FFF
     0
     0     0     0     0     0
 1.00000E+03 1.00000E-02 0.00000E+00
 2.00000E+00
**  Standard deviation                                                  
     0     0     0     0
*** 10. Data for additional tallies                                     
     8     0     0     0     0     0
** 10a. Volume tallies - tracklength estimator                          
     1     1     0     1
RADIAL PARTICLE FLUXES, VOLUME-AVERAGED                                 
D ATOMS                 #/CM**2/S               
     1     1     0     2
RADIAL PARTICLE FLUXES, VOLUME-AVERAGED                                 
D2 MOLECULES            #/CM**2/S               
     1     1     0     1
RADIAL ENERGY FLUXES, VOLUME-AVERAGED                                   
D ATOMS                 EV/CM**2/S              
     1     1     0     2
RADIAL ENERGY FLUXES, VOLUME-AVERAGED                                   
D2 MOLECULES            #/CM**2/S               
     1     1     0     1
PARALLEL PARTICLE FLUXES, VOLUME-AVERAGED                               
D ATOMS                 #/CM**2/S               
     1     1     0     2
PARALLEL PARTICLE FLUXES, VOLUME-AVERAGED                               
D2 MOLECULES                                    
     1     1     0     1
PARALLEL ENERGY FLUXES, VOLUME-AVERAGED                                 
D ATOMS                 EV/CM**2/S              
     1     1     0     2
PARALLEL ENERGY FLUXES, VOLUME-AVERAGED                                 
D2 MOLECULES            EV/CM**2/S              
** 10b. Volume tallies - collisional estimator                          
** 10c. Volume tallies - algebraic expressions                          
** 10d. Surface tallies                                                 
** 10e. Surface tallies - algebraic expressions                         
** 10f. Data for energy spectra                                         
*** 11. Data for numerical and graphical output                         
FFFFF FFFFF FFFFF FFFFF FFFFF FFFFF FFFFF
TFFFF FFFFF FFF
     0
     0
FFFFF FFFFF FFFFF F
     1    39     1     1   192     1     0     0     0     0
F                          0
F                          0
F                          0
F                          0
F                          0
F                          0
F                          0
F                          0
 2.27745E+02 2.27745E+02 1.13050E+02 0.00000E+00 0.00000E+00
 1.00000E+01 1.00000E+01 0.00000E+00 0.00000E+00 1.00000E+01 1.00000E+01
 1.00000E+01 1.00000E+01 0.00000E+00
     0     0     0     0     0     0     0     0     0     0     2
     0
*** 12. Data for diagnostic module                                      
DEFINE_LINES
     0     1
     0     0     0     0     0     0     0     0
*** 13. Data for nonlinear and time dep. option                         
     0    -1
*** 14. Data for interfacing routine "infusr"                           
FTFF
     1     0     1     0     0     0     1     1     1
     1     1 1.00000E+00 2.00000E+00     1
     2   -13 0.00000E+00 2.00000E+00     1
     3   -13 0.00000E+00 2.00000E+00     1
     4   -13 0.00000E+00 4.00000E+00     1
     5   -13 0.00000E+00 4.00000E+00     1
   191    38
    10
     1     1     1     1     1     1     1     1     1     1
     1     0    -1     1     1    39     0 25000     0     1     1     7
     2    56     1     1     1    39     0 25000     0     1     1     7
     3    59    -1     1     1    39     0 25000     0     1     1     7
     4   191     1     1     1    39     0 25000     0     1     1     7
     5     0    -1     2     1    13     0  2000     0     1     1     7
     6     0    -1     2    45    57     0  2000     0     1     1     7
     7     0    -1     2    60   110     0  2000     0     1     1     7
     8     0    -1     2   142   192     0  2000     0     1     1     7
     9    38     1     2     1    57     0  2000     0     1     1     7
    10    38     1     2    60   192     0  2000     0     1     1     7
 6.00000E+01 6.00000E+01 1.00000E+02 5.00000E+01
     0     0     0
     0
*** 15. Data for interfacing routine "geousr"                           
     0     8
    10     1 0.00000E+00 0.00000E+00
     9     2 0.00000E+00 0.00000E+00
    13     2 0.00000E+00 0.00000E+00
    16     1 0.00000E+00 0.00000E+00
    18     1 0.00000E+00 0.00000E+00
    17     2 0.00000E+00 0.00000E+00
     7     2 0.00000E+00 0.00000E+00
     8     1 0.00000E+00 0.00000E+00
